K = 5

Number of Labeled Instances: 
10, 15, 20, 25, 30, 35, 40, 45, 50, 55, 60, 65, 70, 75, 80, 85, 90, 95, 100, 105, 110, 115, 120, 125, 130, 135, 140, 145, 150, 155, 160, 165, 170, 175, 180, 185, 190, 195, 200, 205, 210, 215, 220, 225, 230, 235, 240, 245, 250, 255, 257

Trial 1: 70.0, 67.1, 67.1, 67.1, 67.1, 67.1, 67.1, 65.7, 65.7, 65.7, 65.7, 65.7, 65.7, 65.7, 65.7, 65.7, 65.7, 65.7, 65.7, 65.7, 65.7, 65.7, 65.7, 65.7, 64.3, 62.9, 62.9, 62.9, 62.9, 62.9, 62.9, 62.9, 62.9, 62.9, 65.7, 68.6, 70.0, 72.9, 71.4, 71.4, 70.0, 70.0, 70.0, 84.3, 85.7, 85.7, 87.1, 87.1, 87.1, 87.1, 87.1

Trial 2: 72.9, 65.7, 67.1, 71.4, 71.4, 77.1, 74.3, 75.7, 75.7, 75.7, 75.7, 77.1, 77.1, 75.7, 75.7, 75.7, 75.7, 77.1, 77.1, 77.1, 77.1, 77.1, 77.1, 77.1, 77.1, 77.1, 77.1, 77.1, 77.1, 77.1, 77.1, 77.1, 77.1, 75.7, 78.6, 78.6, 78.6, 78.6, 77.1, 80.0, 80.0, 80.0, 80.0, 80.0, 80.0, 80.0, 80.0, 80.0, 81.4, 81.4, 81.4

Trial 3: 85.7, 67.1, 80.0, 82.9, 82.9, 80.0, 85.7, 88.6, 87.1, 87.1, 88.6, 88.6, 88.6, 88.6, 85.7, 87.1, 88.6, 91.4, 91.4, 87.1, 87.1, 87.1, 87.1, 87.1, 88.6, 88.6, 88.6, 90.0, 91.4, 92.9, 94.3, 92.9, 92.9, 94.3, 94.3, 94.3, 92.9, 92.9, 92.9, 92.9, 92.9, 92.9, 90.0, 90.0, 90.0, 90.0, 88.6, 90.0, 90.0, 90.0, 90.0

Trial 4: 81.4, 85.7, 82.9, 84.3, 84.3, 82.9, 82.9, 81.4, 80.0, 84.3, 81.4, 81.4, 81.4, 81.4, 81.4, 81.4, 81.4, 81.4, 81.4, 81.4, 81.4, 81.4, 80.0, 82.9, 82.9, 82.9, 82.9, 84.3, 82.9, 80.0, 80.0, 81.4, 81.4, 81.4, 81.4, 81.4, 81.4, 81.4, 81.4, 81.4, 81.4, 81.4, 82.9, 82.9, 82.9, 82.9, 81.4, 81.4, 81.4, 81.4, 81.4

Trial 5: 77.1, 80.0, 80.0, 78.6, 81.4, 84.3, 88.6, 90.0, 90.0, 91.4, 91.4, 92.9, 92.9, 92.9, 92.9, 92.9, 91.4, 91.4, 91.4, 91.4, 91.4, 91.4, 92.9, 92.9, 92.9, 92.9, 92.9, 92.9, 92.9, 92.9, 92.9, 92.9, 92.9, 92.9, 90.0, 90.0, 90.0, 90.0, 90.0, 91.4, 91.4, 91.4, 91.4, 90.0, 90.0, 90.0, 90.0, 90.0, 90.0, 90.0, 90.0

Trial 6: 71.4, 71.4, 75.7, 78.6, 70.0, 77.1, 85.7, 85.7, 81.4, 84.3, 84.3, 84.3, 84.3, 82.9, 87.1, 88.6, 88.6, 88.6, 88.6, 85.7, 87.1, 87.1, 87.1, 87.1, 90.0, 90.0, 90.0, 90.0, 88.6, 88.6, 88.6, 88.6, 88.6, 88.6, 87.1, 87.1, 87.1, 88.6, 88.6, 88.6, 88.6, 88.6, 87.1, 87.1, 84.3, 84.3, 84.3, 84.3, 84.3, 84.3, 84.3

Trial 7: 64.3, 72.9, 75.7, 78.6, 81.4, 80.0, 80.0, 81.4, 84.3, 82.9, 82.9, 81.4, 81.4, 80.0, 81.4, 81.4, 81.4, 81.4, 81.4, 81.4, 81.4, 81.4, 81.4, 84.3, 84.3, 84.3, 84.3, 84.3, 84.3, 84.3, 84.3, 84.3, 85.7, 85.7, 85.7, 85.7, 85.7, 84.3, 84.3, 85.7, 85.7, 85.7, 85.7, 85.7, 85.7, 85.7, 85.7, 85.7, 85.7, 85.7, 85.7

Trial 8: 82.9, 72.9, 74.3, 75.7, 75.7, 72.9, 77.1, 78.6, 75.7, 75.7, 74.3, 77.1, 77.1, 77.1, 77.1, 77.1, 77.1, 77.1, 77.1, 80.0, 81.4, 81.4, 84.3, 85.7, 82.9, 84.3, 87.1, 87.1, 87.1, 87.1, 90.0, 90.0, 90.0, 88.6, 87.1, 87.1, 87.1, 90.0, 90.0, 90.0, 90.0, 90.0, 90.0, 90.0, 90.0, 90.0, 90.0, 90.0, 90.0, 90.0, 90.0

Trial 9: 77.1, 72.9, 72.9, 72.9, 80.0, 82.9, 84.3, 85.7, 82.9, 82.9, 82.9, 82.9, 82.9, 82.9, 82.9, 84.3, 84.3, 82.9, 82.9, 82.9, 82.9, 82.9, 82.9, 82.9, 87.1, 87.1, 84.3, 84.3, 84.3, 82.9, 82.9, 82.9, 82.9, 82.9, 82.9, 82.9, 82.9, 81.4, 81.4, 82.9, 82.9, 82.9, 82.9, 82.9, 84.3, 84.3, 85.7, 85.7, 85.7, 85.7, 84.3

Trial 10: 71.4, 81.4, 85.7, 85.7, 82.9, 81.4, 82.9, 82.9, 84.3, 88.6, 88.6, 88.6, 88.6, 88.6, 88.6, 88.6, 90.0, 90.0, 90.0, 90.0, 90.0, 90.0, 90.0, 90.0, 90.0, 90.0, 90.0, 90.0, 90.0, 90.0, 90.0, 90.0, 90.0, 90.0, 91.4, 91.4, 90.0, 88.6, 88.6, 88.6, 90.0, 88.6, 88.6, 88.6, 88.6, 88.6, 88.6, 88.6, 88.6, 87.1, 87.1

