k = 1
Cluster 1 6.80001 0.48 0.25 2.00001 0.076 29.00005 61.00013 0.9953 3.34 0.6 10.4

k = 2
Cluster 1 7.76451 0.45701 0.28836 2.49581 0.07332 14.95807 35.94843 0.99518 3.36445 0.68256 11.58605
Cluster 2 8.59462 0.56717 0.26399 2.53776 0.09583 16.37973 52.48386 0.9975 3.28135 0.6463 9.83221

k = 3
Cluster 1 8.01672 0.54534 0.2202 2.18511 0.0832 11.04504 34.20047 0.99659 3.31006 0.60884 10.08628
Cluster 2 9.73842 0.46919 0.43357 3.04927 0.10399 19.70354 63.48242 0.99804 3.2009 0.73263 10.2309
Cluster 3 6.7509 0.58975 0.12687 2.32142 0.07349 18.31102 43.52224 0.99501 3.46458 0.63405 11.27971

k = 4
Cluster 1 8.841 0.35977 0.44234 2.37657 0.10314 12.75317 30.32637 0.99574 3.2431 0.77013 11.49037
Cluster 2 11.23646 0.45209 0.51015 3.09753 0.09808 14.98523 44.49277 0.99919 3.1401 0.74931 10.19721
Cluster 3 7.90762 0.53025 0.21771 2.20196 0.08338 11.642 37.48724 0.99686 3.32397 0.62446 9.90162
Cluster 4 7.18202 0.64504 0.1375 2.64267 0.08077 21.62813 64.30695 0.99601 3.4012 0.59632 10.48323

k = 5
Cluster 1 7.61414 0.61532 0.13803 2.22879 0.08523 12.63219 39.64947 0.99676 3.3468 0.59164 9.82589
Cluster 2 8.38688 0.53672 0.33967 3.15348 0.11496 28.11266 95.40368 0.9975 3.24545 0.70029 9.75888
Cluster 3 11.12908 0.41632 0.51233 2.89296 0.09362 10.3877 31.09678 0.99879 3.15546 0.71678 10.44949
Cluster 4 8.40955 0.34814 0.40782 2.28659 0.07407 13.1136 29.41363 0.99543 3.29164 0.72718 11.515
Cluster 5 6.42 0.65128 0.07689 2.29139 0.06986 18.51108 41.55011 0.99444 3.51344 0.62722 11.64436

k = 6
Cluster 1 6.30856 0.58477 0.0998 2.17961 0.06682 18.94078 43.54596 0.99397 3.5073 0.63862 11.88991
Cluster 2 8.21802 0.55442 0.29223 3.23755 0.08871 29.10515 98.65437 0.99735 3.27009 0.62245 9.81216
Cluster 3 8.90862 0.37282 0.44345 2.33189 0.11148 13.1509 32.79295 0.99592 3.23276 0.81112 11.35345
Cluster 4 11.52748 0.42509 0.53018 3.06052 0.08764 11.40349 33.36859 0.99922 3.14047 0.71731 10.36686
Cluster 5 7.87323 0.46706 0.2658 2.1238 0.08313 12.72496 40.37545 0.99672 3.31197 0.61294 9.88755
Cluster 6 7.49835 0.71745 0.07219 2.34437 0.08518 11.6374 32.63593 0.99677 3.39411 0.58729 9.99183

k = 7
Cluster 1 11.48694 0.41591 0.52932 3.06022 0.08389 11.41477 33.60813 0.99911 3.14182 0.70807 10.44962
Cluster 2 8.2779 0.59605 0.28608 3.54199 0.09081 27.08841 102.91435 0.99752 3.25265 0.58807 9.6965
Cluster 3 7.89586 0.39238 0.32883 2.1907 0.07546 29.96893 65.42749 0.99616 3.33821 0.75207 10.68494
Cluster 4 7.95476 0.53634 0.21031 2.08453 0.08195 11.21429 36.72786 0.99675 3.29415 0.58939 9.76343
Cluster 5 6.87388 0.46108 0.21554 2.14458 0.06357 13.07641 33.76448 0.99387 3.43312 0.64713 12.11985
Cluster 6 7.17204 0.73803 0.05609 2.45211 0.08433 13.84481 35.05741 0.99652 3.45004 0.59402 10.27101
Cluster 7 9.23724 0.40607 0.46324 2.36139 0.1485 9.50344 30.05508 0.99668 3.20228 0.8631 10.89656

k = 8
Cluster 1 6.24688 0.59438 0.09094 2.16719 0.06686 15.76564 40.10951 0.99392 3.51914 0.62734 11.96028
Cluster 2 7.61634 0.37774 0.33221 2.20817 0.06906 23.89906 54.40387 0.99495 3.31308 0.76298 11.45337
Cluster 3 9.58067 0.36504 0.45874 2.58802 0.07945 8.6639 22.96203 0.99669 3.23714 0.69357 11.243
Cluster 4 7.33129 0.78509 0.05865 2.63159 0.08741 11.56751 32.52768 0.99698 3.45061 0.58871 10.1226
Cluster 5 7.72809 0.46705 0.26336 2.17432 0.07987 28.56847 67.76712 0.99681 3.37568 0.62801 9.88539
Cluster 6 11.08333 0.4625 0.52243 2.49548 0.14866 12.71525 40.90264 0.99899 3.10889 0.85382 9.96736
Cluster 7 8.52568 0.58814 0.30764 4.07568 0.09259 27.34457 107.51677 0.99794 3.23041 0.6202 9.68761
Cluster 8 7.7816 0.58163 0.15958 2.07413 0.08365 10.76046 36.04498 0.99662 3.30371 0.58358 9.78229

k = 9
Cluster 1 6.94743 0.6771 0.05506 2.3087 0.08153 14.99014 32.1819 0.99595 3.45759 0.60826 10.55125
Cluster 2 8.24646 0.50263 0.32929 3.98939 0.09208 34.02529 115.71198 0.99762 3.25354 0.66737 9.78384
Cluster 3 10.31639 0.37721 0.48317 2.22158 0.07945 9.45361 25.42627 0.99753 3.19415 0.68596 10.65865
Cluster 4 10.04222 0.44289 0.50644 6.18111 0.08804 9.20005 30.8001 0.99844 3.22711 0.70022 11.71333
Cluster 5 10.82272 0.46704 0.507 2.43 0.16796 15.0546 47.81829 0.99887 3.10682 0.91091 9.86454
Cluster 6 8.32235 0.71978 0.18916 2.55224 0.08684 18.4134 71.65358 0.99742 3.27944 0.57229 9.72318
Cluster 7 7.70945 0.50789 0.21244 2.09073 0.08315 13.82914 40.75631 0.99674 3.32418 0.59887 9.68563
Cluster 8 7.90687 0.35462 0.36887 2.20188 0.07158 16.3625 36.48765 0.99483 3.31381 0.72119 11.73437
Cluster 9 5.72364 0.59836 0.09618 2.07545 0.05776 16.74549 52.14542 0.9931 3.60455 0.64473 12.6403

k = 10
Cluster 1 9.63597 0.35925 0.47895 2.96228 0.08146 8.35967 20.98255 0.99611 3.22947 0.73763 11.99912
Cluster 2 8.16633 0.35852 0.3749 2.20051 0.07583 29.37249 63.28564 0.99591 3.32449 0.76408 11.0551
Cluster 3 8.13319 0.57566 0.25743 2.43568 0.0862 24.62243 88.04769 0.99718 3.28033 0.58328 9.63458
Cluster 4 6.26069 0.58879 0.09097 2.17379 0.06686 18.13101 42.28978 0.99397 3.51517 0.63586 11.87218
Cluster 5 7.49597 0.68584 0.08911 2.31297 0.08454 11.20029 31.52742 0.99674 3.38409 0.58455 9.97056
Cluster 6 8.19216 0.40319 0.34632 2.06596 0.0791 9.3133 25.78308 0.99629 3.29127 0.61253 10.39819
Cluster 7 11.62207 0.42198 0.52818 2.65681 0.08936 11.66885 34.3635 0.99929 3.13941 0.71305 10.21775
Cluster 8 7.92001 0.51886 0.34743 8.49857 0.09474 32.31424 107.51443 0.99848 3.27686 0.65914 10.10857
Cluster 9 8.43044 0.51239 0.54304 2.00001 0.399 15.17391 52.04353 0.99712 3.06739 1.1913 9.43043
Cluster 10 8.48611 0.54208 0.25361 2.1 0.10706 13.75005 61.63891 0.99726 3.17889 1.07333 9.79723

k = 11
Cluster 1 9.49666 0.43967 0.46567 8.08334 0.08827 15.70003 47.49991 0.99882 3.25067 0.692 11.26333
Cluster 2 11.41803 0.41445 0.52174 2.55581 0.08831 10.34883 30.83719 0.99894 3.1375 0.72174 10.30252
Cluster 3 8.7213 0.3937 0.405 2.3074 0.08496 27.50922 67.00005 0.99737 3.31611 0.8012 10.30278
Cluster 4 8.26628 0.61157 0.30163 3.93895 0.09245 30.62794 122.21504 0.99771 3.23698 0.59186 9.59845
Cluster 5 8.53529 0.59691 0.24529 2.2547 0.09009 13.92943 59.27657 0.99722 3.22488 0.582 9.67353
Cluster 6 7.05852 0.5363 0.14267 2.1037 0.07542 29.01854 66.38532 0.9958 3.39585 0.606 10.27975
Cluster 7 8.64566 0.34864 0.42168 2.2943 0.07635 10.49457 24.37489 0.9954 3.27402 0.70266 11.67391
Cluster 8 6.09393 0.58828 0.09374 2.18788 0.06309 15.23231 41.42415 0.99362 3.53758 0.63131 12.22542
Cluster 9 8.47308 0.52 0.50923 2.00385 0.36712 15.30774 60.34632 0.99712 3.04923 1.25731 9.49231
Cluster 10 7.47646 0.90312 0.07059 2.71353 0.09136 9.95884 28.03518 0.99657 3.42553 0.54729 10.36157
Cluster 11 7.34357 0.58114 0.11227 2.1608 0.08217 10.50753 28.72741 0.99663 3.38845 0.61023 9.89128

k = 12
Cluster 1 8.28028 0.60239 0.3131 5.67887 0.09579 31.85916 114.36627 0.9981 3.24169 0.61676 9.76291
Cluster 2 8.62089 0.53725 0.31943 2.41329 0.08932 17.55693 75.67736 0.99768 3.26468 0.59994 9.66455
Cluster 3 11.45411 0.41109 0.53945 2.80273 0.0894 10.40985 30.46434 0.99892 3.1441 0.72071 10.53898
Cluster 4 8.59884 0.3536 0.4107 2.39534 0.0754 10.15117 22.85479 0.99533 3.27634 0.7007 11.6936
Cluster 5 7.01649 0.58537 0.08495 2.11622 0.07926 13.03723 35.71824 0.99653 3.43963 0.62021 9.93351
Cluster 6 8.19867 0.60328 0.16629 2.11921 0.08515 8.82781 28.74178 0.99673 3.25464 0.55695 9.79305
Cluster 7 7.51758 0.88511 0.07264 2.89616 0.09399 9.87359 28.41771 0.99675 3.41703 0.55626 10.3207
Cluster 8 8.71034 0.51 0.31586 2.16896 0.10162 16.34484 71.68966 0.99748 3.15965 1.17552 9.7931
Cluster 9 7.12585 0.58652 0.12022 2.08651 0.07405 32.94943 73.20777 0.99536 3.35101 0.60101 10.48052
Cluster 10 6.05789 0.59163 0.09263 2.18526 0.06347 15.18948 42.07362 0.99359 3.54379 0.62947 12.26017
Cluster 11 8.43044 0.51239 0.54304 2.00001 0.399 15.17391 52.04353 0.99712 3.06739 1.1913 9.43043
Cluster 12 7.99633 0.35949 0.35963 2.1679 0.07764 27.80739 60.77061 0.99663 3.36688 0.71642 10.4

k = 13
Cluster 1 6.05313 0.61557 0.08469 2.1625 0.06327 15.90626 42.79158 0.9936 3.55167 0.62167 12.23975
Cluster 2 7.04805 0.53906 0.10591 2.06039 0.07615 10.79222 25.73364 0.99576 3.37799 0.59844 10.22857
Cluster 3 7.979 0.69245 0.1938 2.37701 0.08637 20.90999 87.42996 0.99663 3.2386 0.5457 9.60366
Cluster 4 7.22543 0.47338 0.19465 2.16097 0.07461 32.60969 65.32893 0.99588 3.40202 0.67053 10.58524
Cluster 5 8.77159 0.5083 0.36989 2.56705 0.09244 26.13634 102.05674 0.99799 3.2567 0.60977 9.56023
Cluster 6 7.57485 0.79383 0.06368 2.49018 0.08881 10.49384 28.46014 0.99699 3.41264 0.58092 10.01216
Cluster 7 8.22784 0.51119 0.25688 2.2625 0.08902 12.15339 42.92054 0.9974 3.30386 0.62028 9.68579
Cluster 8 11.33516 0.41374 0.53374 2.75549 0.08809 9.2198 27.14851 0.9987 3.14346 0.70385 10.56447
Cluster 9 9.98929 0.45 0.41821 2.43214 0.09327 24.01785 67.82158 0.99805 3.19286 0.99393 10.32679
Cluster 10 8.47588 0.34329 0.41394 2.34412 0.07385 11.27645 25.75869 0.99523 3.28165 0.70129 11.7053
Cluster 11 8.43044 0.51239 0.54304 2.00001 0.399 15.17391 52.04353 0.99712 3.06739 1.1913 9.43043
Cluster 12 6.64286 0.33429 0.45857 10.52857 0.05914 32.57145 167.28573 0.99515 3.23429 0.53143 11.47143
Cluster 13 8.25334 0.572 0.31067 7.81499 0.10453 31.16671 90.49991 0.99944 3.29433 0.69033 9.80333

k = 14
Cluster 1 7.86666 0.514 0.362 8.875 0.09127 32.69995 112.76665 0.99852 3.28333 0.66067 10.13667
Cluster 2 8.05 0.36642 0.36159 2.14546 0.07597 32.17613 70.51133 0.99627 3.32568 0.68386 10.46477
Cluster 3 10.50624 0.41927 0.55333 4.50521 0.0935 7.70839 23.3332 0.99784 3.20625 0.70562 12.07916
Cluster 4 11.63835 0.41173 0.53143 2.47782 0.08428 10.76693 31.61662 0.99904 3.12481 0.68526 10.15438
Cluster 5 9.42322 0.435 0.38411 2.22857 0.10457 16.58931 57.9823 0.99799 3.19964 1.05893 9.97679
Cluster 6 8.11835 0.59949 0.28138 2.50963 0.09146 25.10091 110.79352 0.99698 3.22908 0.56541 9.49786
Cluster 7 8.35103 0.5181 0.25714 2.12109 0.08444 9.27214 32.98639 0.99693 3.24986 0.56864 9.78062
Cluster 8 6.85333 0.578 0.08486 2.09048 0.07477 26.7333 53.2095 0.99549 3.43324 0.63676 10.60159
Cluster 9 8.47916 0.3492 0.40827 2.16726 0.07457 11.31552 25.14297 0.99528 3.2906 0.70869 11.63749
Cluster 10 5.95384 0.5793 0.09897 2.20513 0.06209 13.99995 43.16677 0.99342 3.55897 0.63205 12.42842
Cluster 11 8.43044 0.51239 0.54304 2.00001 0.399 15.17391 52.04353 0.99712 3.06739 1.1913 9.43043
Cluster 12 7.47436 0.90936 0.06808 2.63654 0.09146 9.44232 25.0257 0.9963 3.41295 0.53449 10.42436
Cluster 13 7.19493 0.61198 0.07401 2.14442 0.08226 10.73099 28.76149 0.99655 3.4101 0.61477 9.91117
Cluster 14 8.63131 0.6397 0.22828 2.91515 0.08751 19.76768 66.24233 0.99835 3.32323 0.60838 9.80084

k = 15
Cluster 1 8.85417 0.3509 0.43396 2.49756 0.07559 9.65284 22.23605 0.99539 3.2591 0.69118 11.81389
Cluster 2 6.3097 0.68165 0.06272 2.26602 0.06727 14.17473 33.66025 0.99428 3.53612 0.60359 11.74223
Cluster 3 7.21242 0.53618 0.11255 2.05503 0.07667 10.11837 25.29598 0.99603 3.36296 0.59822 10.04615
Cluster 4 8.48024 0.69395 0.22296 2.60987 0.08623 23.87649 93.70383 0.99725 3.22284 0.54951 9.63662
Cluster 5 7.18522 0.50915 0.15034 2.16023 0.07616 33.54545 62.59675 0.99597 3.40295 0.6525 10.40758
Cluster 6 8.87624 0.46519 0.40525 2.5575 0.09463 26.94998 97.81246 0.99794 3.24725 0.62625 9.63375
Cluster 7 7.8298 0.79397 0.0847 2.48543 0.09305 9.98349 29.17209 0.99722 3.37834 0.56987 9.89161
Cluster 8 7.54851 0.54563 0.20784 2.21567 0.08601 15.75373 62.54463 0.99696 3.35366 0.60097 9.61045
Cluster 9 9.75621 0.40007 0.42022 2.22628 0.08904 8.76638 25.86861 0.99771 3.2227 0.69299 10.17908
Cluster 10 9.6409 0.47864 0.39 2.36363 0.09393 23.49997 70.25007 0.99784 3.1975 1.04795 10.34773
Cluster 11 6.84202 0.36855 0.30985 2.19638 0.06597 23.15218 60.36236 0.99402 3.40551 0.72826 12.15024
Cluster 12 8.43044 0.51239 0.54304 2.00001 0.399 15.17391 52.04353 0.99712 3.06739 1.1913 9.43043
Cluster 13 6.64286 0.33429 0.45857 10.52857 0.05914 32.57145 167.28573 0.99515 3.23429 0.53143 11.47143
Cluster 14 8.18966 0.56931 0.30862 7.90862 0.10434 31.86208 91.37924 0.99933 3.29345 0.69207 9.78276
Cluster 15 12.164 0.45035 0.5702 3.0105 0.08655 10.44996 31.65003 0.99962 3.1044 0.7128 10.514

k = 16
Cluster 1 8.26723 0.63034 0.27866 2.50798 0.08977 22.84869 106.24355 0.99708 3.22076 0.56891 9.53754
Cluster 2 8.34788 0.35387 0.39662 2.14577 0.07165 30.54228 68.25355 0.99601 3.29944 0.84 11.11409
Cluster 3 8.51295 0.34543 0.41525 2.25432 0.07666 9.81299 22.37403 0.99512 3.28295 0.6705 11.78993
Cluster 4 8.81811 0.45599 0.35638 2.32458 0.09004 19.60345 56.55173 0.99796 3.30767 0.6369 9.77759
Cluster 5 9.95926 0.38648 0.45 2.31481 0.09253 8.33334 26.66675 0.99762 3.20963 0.88148 10.61728
Cluster 6 8.1375 0.41812 0.36625 13.325 0.10337 32.87505 87.24989 0.9999 3.26125 0.62125 9.7375
Cluster 7 8.27408 0.46667 0.32852 6.23333 0.08185 10.11116 30.8148 0.99756 3.32185 0.67815 11.24815
Cluster 8 12.74091 0.52636 0.62818 4.62955 0.09745 10.50001 36.40914 1.00025 3.10273 0.75909 12.07727
Cluster 9 8.44401 0.5106 0.5224 1.996 0.37588 15.52003 58.64013 0.99712 3.0564 1.2532 9.464
Cluster 10 7.80417 0.59563 0.30833 6.48334 0.10154 36.0833 130.04175 0.99817 3.26833 0.7 9.91667
Cluster 11 11.63762 0.41404 0.53532 2.4399 0.08527 11.41289 33.09163 0.99907 3.1167 0.66394 10.00764
Cluster 12 6.97084 0.74871 0.0485 2.38916 0.08873 10.22921 24.67491 0.99627 3.49008 0.60433 10.48625
Cluster 13 7.00357 0.55232 0.11205 2.15982 0.07545 29.80355 63.61171 0.99588 3.41143 0.60616 10.23185
Cluster 14 6.00121 0.5794 0.10289 2.10242 0.06014 16.04814 44.75904 0.99335 3.5447 0.63711 12.36527
Cluster 15 7.26667 0.52788 0.13972 1.97853 0.08025 10.93221 32.0339 0.99615 3.34492 0.58864 9.87063
Cluster 16 8.44286 0.74814 0.13651 2.43254 0.08564 10.32543 34.3017 0.99751 3.29135 0.56667 9.76177

