k = 1
Cluster 1 11.6 0.23 0.57 1.8 0.074 3.00001 8.00016 0.9981 3.14 0.7 9.9

k = 2
Cluster 1 9.79374 0.4078 0.46157 2.68598 0.09946 14.21589 40.54182 0.99746 3.20574 0.75059 10.67942
Cluster 2 7.36823 0.60679 0.15209 2.42009 0.08092 16.95904 50.81875 0.99623 3.3759 0.60032 10.27531

k = 3
Cluster 1 8.33188 0.53158 0.32811 2.99381 0.10807 26.3081 89.74454 0.99736 3.25254 0.68093 9.81321
Cluster 2 10.05501 0.39358 0.46592 2.58802 0.08633 10.577 28.04888 0.99741 3.20445 0.72171 10.85485
Cluster 3 7.16172 0.61704 0.11732 2.23892 0.07902 13.99598 36.96506 0.99591 3.40799 0.60616 10.47562

k = 4
Cluster 1 10.93457 0.44687 0.50452 2.8129 0.12787 11.93546 38.15208 0.99886 3.1388 0.80217 10.18818
Cluster 2 8.73237 0.35772 0.41924 2.35054 0.07505 12.03962 28.22661 0.99584 3.27173 0.70277 11.36762
Cluster 3 7.17509 0.64012 0.10067 2.21968 0.07975 13.21755 35.01632 0.99599 3.41087 0.60211 10.40704
Cluster 4 8.12483 0.54361 0.28484 3.01855 0.08699 26.90161 90.68232 0.99726 3.28297 0.6199 9.80963

k = 5
Cluster 1 7.53641 0.6558 0.11728 2.26448 0.08456 11.52739 34.41662 0.99669 3.36781 0.58763 9.92047
Cluster 2 8.22806 0.52784 0.29993 3.09912 0.08773 27.8053 92.67183 0.99736 3.27856 0.62804 9.80819
Cluster 3 8.41787 0.52214 0.4925 1.975 0.35339 14.89288 60.21436 0.99711 3.05893 1.25179 9.47143
Cluster 4 10.45723 0.39917 0.48466 2.68923 0.0867 10.47786 28.85838 0.99788 3.18752 0.72056 10.73048
Cluster 5 6.89961 0.47865 0.21136 2.17729 0.06739 17.72514 40.0878 0.99438 3.43295 0.67295 11.77536

k = 6
Cluster 1 6.70569 0.64842 0.07391 2.22634 0.07663 14.32653 32.62457 0.99526 3.47398 0.6152 10.96283
Cluster 2 9.38572 0.42121 0.42379 2.55179 0.08831 28.96077 80.3643 0.99772 3.24871 0.77193 10.33358
Cluster 3 11.01447 0.45101 0.52547 2.53302 0.14096 9.33336 31.93066 0.99886 3.11818 0.81151 10.10335
Cluster 4 7.84705 0.52118 0.33618 8.55588 0.09535 32.14708 108.44119 0.99847 3.28 0.65353 10.05294
Cluster 5 7.96411 0.6033 0.1884 2.31707 0.0839 16.83147 58.42564 0.99706 3.30328 0.58098 9.66098
Cluster 6 8.71706 0.35675 0.42167 2.43552 0.07582 10.84926 26.10715 0.99574 3.27389 0.69575 11.47738

k = 7
Cluster 1 8.89828 0.3585 0.43359 2.43697 0.07673 10.15389 24.05985 0.99589 3.26064 0.69274 11.43974
Cluster 2 11.04772 0.44015 0.51802 2.60583 0.13063 12.00003 37.78158 0.99886 3.13467 0.81858 10.1824
Cluster 3 7.86176 0.51235 0.35206 8.57795 0.09426 32.29408 108.44119 0.99847 3.28088 0.66235 10.12941
Cluster 4 8.50871 0.59341 0.28954 2.55256 0.09047 23.10256 94.21532 0.9975 3.24174 0.60031 9.60137
Cluster 5 7.48385 0.43332 0.24814 2.12299 0.07468 30.19564 64.14592 0.99607 3.37385 0.69025 10.46222
Cluster 6 7.60681 0.64565 0.11688 2.25618 0.08521 10.61336 32.05795 0.99678 3.36065 0.58761 9.87388
Cluster 7 6.27092 0.63642 0.08376 2.26099 0.06648 15.4681 38.65255 0.99407 3.52071 0.62291 11.86997

k = 8
Cluster 1 7.5617 0.65039 0.11179 2.25523 0.08528 10.81217 31.56951 0.99673 3.3648 0.58813 9.91178
Cluster 2 7.92001 0.51886 0.34743 8.49857 0.09474 32.31424 107.51443 0.99848 3.27686 0.65914 10.10857
Cluster 3 6.30446 0.60968 0.08752 2.23185 0.06699 18.86629 42.87243 0.99409 3.50974 0.63134 11.79438
Cluster 4 11.36304 0.42644 0.52734 2.73396 0.08877 10.10332 30.29362 0.99888 3.14293 0.68571 10.42301
Cluster 5 8.43044 0.51239 0.54304 2.00001 0.399 15.17391 52.04353 0.99712 3.06739 1.1913 9.43043
Cluster 6 9.17235 0.40654 0.38777 2.32499 0.08948 24.60634 64.42555 0.99739 3.25298 0.93575 10.48617
Cluster 7 8.07081 0.55945 0.26198 2.40273 0.08582 24.89301 86.86969 0.99711 3.28708 0.58619 9.66317
Cluster 8 8.53237 0.34773 0.41527 2.36594 0.07569 10.82606 25.599 0.99557 3.28609 0.69749 11.51497

k = 9
Cluster 1 11.56288 0.42228 0.53192 3.00808 0.08955 10.82638 32.50897 0.99918 3.13335 0.7303 10.39961
Cluster 2 8.06685 0.68594 0.1862 2.44839 0.08778 18.22995 71.2353 0.99708 3.28037 0.58551 9.74501
Cluster 3 8.28012 0.49111 0.3317 3.50878 0.08933 31.87723 100.19018 0.99755 3.28444 0.6493 9.84679
Cluster 4 8.54515 0.48006 0.2949 2.14258 0.08626 9.55484 31.80638 0.99722 3.26142 0.60529 9.79549
Cluster 5 6.29662 0.49511 0.13899 2.07415 0.06365 22.44386 53.10125 0.99363 3.47292 0.68641 12.09008
Cluster 6 8.75241 0.34553 0.4312 2.40072 0.07588 12.40862 27.79798 0.99559 3.27514 0.72476 11.64086
Cluster 7 6.72551 0.79964 0.05898 2.59439 0.07651 12.26528 27.3366 0.99512 3.51316 0.56255 11.38367
Cluster 8 8.44814 0.52333 0.50111 1.98889 0.35774 15.07403 59.18536 0.99713 3.05704 1.26852 9.47778
Cluster 9 7.18328 0.59903 0.08813 2.12101 0.08225 12.69456 31.28019 0.99649 3.41241 0.61346 9.91264

k = 10
Cluster 1 11.87385 0.43962 0.54361 2.76961 0.08985 10.81541 32.72312 0.9994 3.11661 0.72908 10.29257
Cluster 2 9.38551 0.36761 0.44416 2.51281 0.0825 9.43961 23.45882 0.9966 3.23652 0.71527 11.11353
Cluster 3 8.21135 0.72573 0.13357 2.32973 0.08998 9.34861 32.94062 0.99709 3.28443 0.56027 9.78811
Cluster 4 8.85891 0.47894 0.37048 2.36439 0.09071 26.52739 87.08919 0.99773 3.26589 0.67815 9.83768
Cluster 5 8.47308 0.52 0.50923 2.00385 0.36712 15.30774 60.34632 0.99712 3.04923 1.25731 9.49231
Cluster 6 8.24027 0.63194 0.27236 5.63263 0.08743 24.69441 94.88885 0.99822 3.26139 0.62319 9.81204
Cluster 7 7.40509 0.52009 0.20763 2.6466 0.0821 40.09318 98.27952 0.99541 3.28034 0.60441 10.50876
Cluster 8 7.3046 0.5119 0.2 2.14023 0.08033 16.51147 54.16667 0.99693 3.41322 0.62598 9.67892
Cluster 9 6.89714 0.43314 0.25607 2.16072 0.06358 15.03569 38.36423 0.99392 3.43007 0.68464 12.20762
Cluster 10 6.855 0.6487 0.05882 2.20091 0.07977 14.16815 30.55455 0.99562 3.4395 0.59859 10.57

k = 11
Cluster 1 7.04597 0.5479 0.12185 2.15363 0.07631 29.10483 61.47989 0.99594 3.4004 0.60774 10.18845
Cluster 2 6.11177 0.58804 0.09588 2.17451 0.06317 15.1667 41.15688 0.99362 3.53422 0.63216 12.20016
Cluster 3 8.27481 0.38211 0.38518 2.26814 0.08061 19.85931 50.91865 0.99696 3.34104 0.77467 10.36815
Cluster 4 11.51018 0.4239 0.5265 2.74237 0.08949 10.93221 32.67234 0.99904 3.13667 0.73045 10.41601
Cluster 5 8.00385 0.52885 0.33192 9.30962 0.09812 31.7692 94.11543 0.99909 3.28769 0.66192 9.95769
Cluster 6 8.47308 0.52 0.50923 2.00385 0.36712 15.30774 60.34632 0.99712 3.04923 1.25731 9.49231
Cluster 7 8.81145 0.35331 0.42825 2.48615 0.07782 9.45789 21.68681 0.99543 3.26651 0.68614 11.78675
Cluster 8 8.53093 0.61454 0.28553 2.55098 0.09068 22.26312 97.53951 0.99752 3.23322 0.58342 9.54518
Cluster 9 7.99393 0.3847 0.39151 3.08031 0.08373 40.95456 123.78793 0.99603 3.23788 0.76606 10.67878
Cluster 10 7.86949 0.56328 0.16928 2.0644 0.08302 9.87286 30.91102 0.99663 3.29784 0.57674 9.79915
Cluster 11 7.32858 0.76959 0.05929 2.55715 0.0878 10.81039 29.31875 0.99684 3.43978 0.59121 10.15513

k = 12
Cluster 1 7.83475 0.44409 0.29268 2.10488 0.08485 12.41468 41.60356 0.99697 3.32921 0.62018 9.70762
Cluster 2 7.13808 0.69363 0.05533 2.40127 0.08549 10.45937 27.57881 0.99651 3.44594 0.59117 10.1753
Cluster 3 7.04789 0.54168 0.12059 2.10504 0.07609 26.51266 55.71417 0.99584 3.40471 0.6505 10.39174
Cluster 4 6.01738 0.61109 0.08261 2.13805 0.06346 15.35872 42.59781 0.99361 3.55598 0.6187 12.24149
Cluster 5 11.54935 0.41434 0.51717 2.4648 0.08808 12.12498 34.46039 0.99908 3.13632 0.73454 10.12588
Cluster 6 10.38874 0.40937 0.54197 4.19859 0.09173 8.18311 23.08464 0.99777 3.20465 0.70803 11.78873
Cluster 7 8.58333 0.61761 0.29538 3.82652 0.09127 22.65907 95.03785 0.99815 3.26053 0.61735 9.71869
Cluster 8 8.41787 0.52214 0.4925 1.975 0.35339 14.89288 60.21436 0.99711 3.05893 1.25179 9.47143
Cluster 9 8.42994 0.34901 0.39952 2.13605 0.07393 10.13602 23.25837 0.99519 3.28592 0.70782 11.59727
Cluster 10 8.05916 0.49746 0.30915 2.90422 0.0898 37.60568 112.24647 0.99687 3.24916 0.6407 9.77464
Cluster 11 8.33284 0.71343 0.13869 2.18285 0.08601 10.64961 37.00716 0.99701 3.24803 0.56453 9.69051
Cluster 12 8.07958 0.34388 0.40204 2.27449 0.0661 30.27556 66.63255 0.99504 3.30327 0.76204 11.58164

k = 13
Cluster 1 7.37518 0.71248 0.06496 2.59854 0.08604 13.09856 39.94881 0.99747 3.45226 0.60737 9.78856
Cluster 2 6.56487 0.81365 0.06189 2.52433 0.07812 14.74327 32.6082 0.99502 3.5327 0.56851 11.29594
Cluster 3 8.1721 0.40268 0.36946 2.24031 0.08366 17.17049 49.51948 0.99734 3.36008 0.72372 9.95969
Cluster 4 8.47308 0.52 0.50923 2.00385 0.36712 15.30774 60.34632 0.99712 3.04923 1.25731 9.49231
Cluster 5 11.63462 0.42939 0.5332 2.67596 0.08936 11.21157 33.75012 0.99922 3.12872 0.71878 10.29509
Cluster 6 8.95745 0.34968 0.43548 2.35558 0.07744 10.34048 23.66495 0.99564 3.25516 0.71287 11.63298
Cluster 7 9.57778 0.40695 0.48667 9.31389 0.09306 17.44442 46.22235 0.99886 3.21389 0.71389 11.16667
Cluster 8 8.45413 0.60368 0.29008 2.52444 0.09086 23.63161 104.80463 0.99738 3.23083 0.59278 9.55915
Cluster 9 8.59924 0.65072 0.19748 2.21985 0.08804 10.53438 38.02279 0.99723 3.22809 0.56939 9.75649
Cluster 10 6.08209 0.50761 0.13015 2.0597 0.06003 15.38808 45.47766 0.99309 3.52328 0.65 12.58607
Cluster 11 7.50728 0.46991 0.21391 2.12637 0.07488 34.89545 68.90469 0.99581 3.35009 0.66264 10.54015
Cluster 12 7.12285 0.54914 0.10401 2.00679 0.08089 10.38885 25.67283 0.99575 3.3571 0.59099 10.13889
Cluster 13 7.63929 0.5725 0.29857 6.92501 0.0965 36.35713 126.50007 0.99806 3.28536 0.68714 10.01071

k = 14
Cluster 1 11.17026 0.40419 0.50562 2.41433 0.08716 9.96218 29.27031 0.99863 3.14557 0.71189 10.26937
Cluster 2 9.18555 0.41294 0.41822 2.41778 0.08757 28.92222 69.91097 0.99778 3.29122 0.79633 10.33001
Cluster 3 8.44401 0.5106 0.5224 1.996 0.37588 15.52003 58.64013 0.99712 3.0564 1.2532 9.464
Cluster 4 8.10814 0.7025 0.10924 2.12935 0.09111 9.43313 30.08148 0.99691 3.29378 0.56326 9.76221
Cluster 5 7.39825 0.5086 0.22719 2.59298 0.07944 38.1316 98.00891 0.99555 3.28386 0.55842 10.281
Cluster 6 7.4375 0.46481 0.22213 2.03124 0.08009 12.60628 38.03749 0.99636 3.33669 0.59387 9.78531
Cluster 7 7.13226 0.86855 0.06887 3.35403 0.08348 9.45162 24.25796 0.99647 3.47758 0.5629 10.74086
Cluster 8 6.03333 0.59083 0.08956 2.08 0.06261 16.21112 44.12226 0.99344 3.54589 0.62456 12.28686
Cluster 9 6.98039 0.59974 0.0768 2.17451 0.07899 19.30717 44.21581 0.99651 3.46471 0.67105 10.22549
Cluster 10 7.80769 0.45615 0.33462 11.40769 0.09338 30.84619 91.00004 0.99894 3.27231 0.60615 9.99231
Cluster 11 8.23131 0.59509 0.25287 3.00566 0.08621 21.39129 97.71291 0.99746 3.25739 0.5773 9.59101
Cluster 12 8.33772 0.34476 0.40575 2.16227 0.07358 11.73655 26.68278 0.99517 3.29425 0.70647 11.63353
Cluster 13 10.43171 0.43683 0.53829 5.2 0.09185 8.65857 26.6584 0.99832 3.21805 0.71805 12.01952
Cluster 14 9.03792 0.75966 0.38759 2.75862 0.11262 26.79306 117.51707 0.99805 3.16586 0.73379 9.5138

k = 15
Cluster 1 5.76199 0.548 0.0902 2.087 0.05722 15.31996 48.49984 0.99288 3.5808 0.6492 12.82233
Cluster 2 8.60176 0.61241 0.21456 2.23246 0.08673 9.57897 32.9473 0.99719 3.22816 0.56211 9.8114
Cluster 3 6.77103 0.54598 0.09589 2.22664 0.07572 13.16824 27.95333 0.99506 3.41645 0.60047 10.9014
Cluster 4 8.47308 0.52 0.50923 2.00385 0.36712 15.30774 60.34632 0.99712 3.04923 1.25731 9.49231
Cluster 5 9.25107 0.75436 0.24936 3.32128 0.09096 24.234 81.851 0.99887 3.28064 0.59043 9.91206
Cluster 6 8.47687 0.3448 0.41353 2.34682 0.07451 11.0231 25.13862 0.99532 3.28451 0.70197 11.67803
Cluster 7 7.92499 0.47833 0.37056 3.07638 0.08831 36.625 137.74987 0.99638 3.19667 0.65111 9.94723
Cluster 8 7.12967 0.54725 0.13187 2.12857 0.07456 32.30766 61.54403 0.99573 3.38143 0.61747 10.35458
Cluster 9 6.76851 0.9187 0.06889 2.78426 0.08233 12.81481 30.48138 0.99563 3.53204 0.55833 11.08704
Cluster 10 7.896 0.514 0.3316 9.41799 0.09756 32.12002 93.91999 0.99894 3.2904 0.6612 9.984
Cluster 11 11.32413 0.41251 0.52678 2.7382 0.08846 10.06529 30.06043 0.99876 3.14437 0.72472 10.50318
Cluster 12 8.94286 0.37815 0.42012 2.38095 0.08569 28.58331 66.85706 0.9973 3.29976 0.78095 10.3869
Cluster 13 7.98367 0.58964 0.25827 2.3051 0.09088 18.30611 98.17362 0.99692 3.24286 0.5801 9.4898
Cluster 14 7.39818 0.51164 0.21264 2.24636 0.08208 13.80908 47.14544 0.99735 3.45064 0.68636 9.72985
Cluster 15 7.45793 0.67517 0.05655 2.1369 0.08699 9.7759 25.80012 0.99668 3.36303 0.57952 9.70276

k = 16
Cluster 1 5.94808 0.67663 0.08019 2.13173 0.06723 17.73078 43.63449 0.99389 3.60192 0.60615 12.02211
Cluster 2 11.62654 0.42367 0.52088 2.56768 0.08899 11.87079 35.02734 0.99923 3.13109 0.72531 10.16825
Cluster 3 8.37821 0.36154 0.40474 2.17179 0.07841 21.15383 51.06398 0.99643 3.3091 0.88346 10.85385
Cluster 4 7.6255 0.46539 0.23235 2.21569 0.07808 33.70592 67.84797 0.99632 3.36049 0.63735 10.26095
Cluster 5 6.13824 0.46412 0.16 2.22058 0.05709 20.35294 57.61748 0.99284 3.47412 0.70971 12.91961
Cluster 6 6.9465 0.55837 0.08667 2.13915 0.07447 10.3178 23.45748 0.9954 3.39326 0.60116 10.56706
Cluster 7 8.47308 0.52 0.50923 2.00385 0.36712 15.30774 60.34632 0.99712 3.04923 1.25731 9.49231
Cluster 8 8.3367 0.68399 0.14022 2.29929 0.09304 10.17624 35.94976 0.99718 3.25669 0.58115 9.70216
Cluster 9 8.24787 0.43286 0.32479 2.19145 0.08513 11.08547 38.34184 0.99722 3.30145 0.60188 9.76538
Cluster 10 7.23935 0.92721 0.05639 2.72705 0.08643 9.19671 22.50833 0.99623 3.44984 0.52951 10.47541
Cluster 11 7.92122 0.53212 0.32727 8.5106 0.09745 31.99999 96.84862 0.9988 3.29303 0.66818 9.97576
Cluster 12 8.52945 0.61384 0.29411 2.5562 0.0928 23.7364 105.36423 0.99751 3.2338 0.59225 9.54857
Cluster 13 7.08321 0.62368 0.08352 2.19001 0.08058 17.27998 48.25595 0.99707 3.464 0.63608 9.74786
Cluster 14 8.56697 0.34585 0.39527 2.10178 0.07365 9.45538 21.02665 0.99503 3.27366 0.66429 11.71965
Cluster 15 10.27164 0.40694 0.5403 3.78135 0.08824 7.52243 21.35806 0.99728 3.20463 0.72955 11.92985
Cluster 16 7.38749 0.26375 0.45625 3.325 0.05313 38.6875 162.37495 0.99229 3.105 0.50125 11.71251

